[gd_scene load_steps=13 format=3 uid="uid://ctxqxuy2u6ri5"]

[ext_resource type="PackedScene" uid="uid://b2r1trjotbpke" path="res://assets/models/base/ring.gltf" id="1_w4ypf"]
[ext_resource type="Texture2D" uid="uid://b5dex84txbvuq" path="res://assets/models/base/ring_0.png" id="2_e6sv3"]
[ext_resource type="Texture2D" uid="uid://c17a5jjkt4ryi" path="res://assets/models/base/ring_1.png" id="3_5yv7f"]
[ext_resource type="PackedScene" uid="uid://dvew6aregc15w" path="res://assets/models/base/audience.tscn" id="4_0bo6k"]

[sub_resource type="StandardMaterial3D" id="StandardMaterial3D_4qguf"]
resource_name = "material_0"
transparency = 2
alpha_scissor_threshold = 0.05
alpha_antialiasing_mode = 0
cull_mode = 2
albedo_texture = ExtResource("2_e6sv3")
texture_filter = 0
texture_repeat = false

[sub_resource type="ArrayMesh" id="ArrayMesh_kqkbw"]
_surfaces = [{
"aabb": AABB(-0.0559773, 1.11022e-15, -3.25134, 0.118841, 0.5625, 0.113986),
"format": 34896613377,
"index_count": 27,
"index_data": PackedByteArray(0, 0, 2, 0, 1, 0, 0, 0, 3, 0, 2, 0, 4, 0, 6, 0, 5, 0, 4, 0, 7, 0, 6, 0, 5, 0, 3, 0, 0, 0, 5, 0, 6, 0, 3, 0, 7, 0, 3, 0, 6, 0, 7, 0, 2, 0, 3, 0, 2, 0, 7, 0, 8, 0),
"name": "material_0",
"primitive": 3,
"uv_scale": Vector4(0, 0, 0, 0),
"vertex_count": 9,
"vertex_data": PackedByteArray(11, 211, 0, 0, 173, 251, 0, 0, 255, 255, 0, 0, 118, 93, 0, 0, 255, 255, 255, 255, 118, 93, 0, 0, 11, 211, 255, 255, 173, 251, 0, 0, 0, 0, 0, 0, 115, 100, 0, 0, 212, 52, 0, 0, 255, 255, 0, 0, 212, 52, 255, 255, 255, 255, 0, 0, 0, 0, 255, 255, 115, 100, 0, 0, 144, 125, 255, 255, 0, 0, 0, 0)
}]
blend_shape_mode = 0

[sub_resource type="ArrayMesh" id="ArrayMesh_ee2bv"]
resource_name = "blockbench_export_mesh"
_surfaces = [{
"aabb": AABB(-0.0559773, 1.11022e-15, -3.25134, 0.118841, 0.5625, 0.113986),
"attribute_data": PackedByteArray(0, 0, 167, 254, 153, 49, 167, 254, 153, 49, 0, 0, 0, 0, 0, 0, 248, 143, 167, 254, 147, 193, 167, 254, 147, 193, 0, 0, 248, 143, 0, 0, 157, 68, 167, 254, 56, 118, 167, 254, 56, 118, 0, 0, 157, 68, 0, 0, 254, 255, 100, 145, 113, 207, 42, 161, 113, 207, 56, 212, 255, 255, 255, 227, 254, 239, 255, 47, 224, 203, 254, 87, 255, 239, 253, 127),
"format": 34896613399,
"index_count": 27,
"index_data": PackedByteArray(0, 0, 2, 0, 1, 0, 0, 0, 3, 0, 2, 0, 4, 0, 6, 0, 5, 0, 4, 0, 7, 0, 6, 0, 8, 0, 10, 0, 9, 0, 8, 0, 11, 0, 10, 0, 12, 0, 14, 0, 13, 0, 12, 0, 15, 0, 14, 0, 16, 0, 18, 0, 17, 0),
"material": SubResource("StandardMaterial3D_4qguf"),
"name": "material_0",
"primitive": 3,
"uv_scale": Vector4(0, 0, 0, 0),
"vertex_count": 19,
"vertex_data": PackedByteArray(11, 211, 0, 0, 173, 251, 67, 180, 255, 255, 0, 0, 118, 93, 67, 180, 255, 255, 255, 255, 118, 93, 67, 180, 11, 211, 255, 255, 173, 251, 67, 180, 0, 0, 0, 0, 115, 100, 33, 178, 212, 52, 0, 0, 255, 255, 33, 178, 212, 52, 255, 255, 255, 255, 33, 178, 0, 0, 255, 255, 115, 100, 33, 178, 212, 52, 0, 0, 255, 255, 16, 129, 11, 211, 0, 0, 173, 251, 16, 129, 11, 211, 255, 255, 173, 251, 16, 129, 212, 52, 255, 255, 255, 255, 16, 129, 0, 0, 255, 255, 115, 100, 243, 213, 212, 52, 255, 255, 255, 255, 243, 213, 11, 211, 255, 255, 173, 251, 243, 213, 255, 255, 255, 255, 118, 93, 243, 213, 255, 255, 255, 255, 118, 93, 183, 212, 144, 125, 255, 255, 0, 0, 183, 212, 0, 0, 255, 255, 115, 100, 183, 212, 255, 127, 0, 0, 255, 127, 0, 0, 255, 127, 0, 0, 255, 127, 0, 0, 255, 127, 255, 255, 255, 127, 255, 255, 255, 127, 255, 255, 255, 127, 255, 255, 255, 127, 0, 0, 255, 127, 0, 0, 255, 127, 0, 0, 255, 127, 0, 0, 245, 212, 236, 41, 245, 212, 236, 41, 245, 212, 236, 41, 245, 212, 236, 41, 105, 171, 74, 170, 105, 171, 74, 170, 105, 171, 74, 170)
}]
blend_shape_mode = 0
shadow_mesh = SubResource("ArrayMesh_kqkbw")

[sub_resource type="StandardMaterial3D" id="StandardMaterial3D_hpec4"]
resource_name = "material_1"
transparency = 2
alpha_scissor_threshold = 0.05
alpha_antialiasing_mode = 0
cull_mode = 2
albedo_texture = ExtResource("3_5yv7f")
texture_filter = 0
texture_repeat = false

[sub_resource type="ArrayMesh" id="ArrayMesh_qle71"]
_surfaces = [{
"aabb": AABB(0.472937, -1.48726, -3.20187, 0.0541266, 1.46594, 0.406387),
"format": 34896613377,
"index_count": 12,
"index_data": PackedByteArray(0, 0, 2, 0, 1, 0, 0, 0, 3, 0, 2, 0, 4, 0, 3, 0, 0, 0, 4, 0, 5, 0, 3, 0),
"name": "material_1",
"primitive": 3,
"uv_scale": Vector4(0, 0, 0, 0),
"vertex_count": 6,
"vertex_data": PackedByteArray(255, 127, 34, 2, 253, 255, 0, 0, 255, 255, 0, 0, 104, 227, 0, 0, 255, 255, 220, 253, 0, 0, 0, 0, 255, 127, 255, 255, 149, 28, 0, 0, 0, 0, 0, 0, 104, 227, 0, 0, 0, 0, 220, 253, 0, 0, 0, 0)
}]
blend_shape_mode = 0

[sub_resource type="ArrayMesh" id="ArrayMesh_yxdhx"]
resource_name = "blockbench_export_mesh2"
_surfaces = [{
"aabb": AABB(0.472937, -1.48726, -3.20187, 0.0541266, 1.46594, 0.406387),
"attribute_data": PackedByteArray(0, 0, 255, 255, 180, 28, 255, 255, 180, 28, 0, 0, 0, 0, 0, 0, 38, 33, 255, 255, 218, 61, 255, 255, 218, 61, 0, 0, 38, 33, 0, 0),
"format": 34896613399,
"index_count": 12,
"index_data": PackedByteArray(0, 0, 2, 0, 1, 0, 0, 0, 3, 0, 2, 0, 4, 0, 6, 0, 5, 0, 4, 0, 7, 0, 6, 0),
"material": SubResource("StandardMaterial3D_hpec4"),
"name": "material_1",
"primitive": 3,
"uv_scale": Vector4(0, 0, 0, 0),
"vertex_count": 8,
"vertex_data": PackedByteArray(255, 127, 34, 2, 253, 255, 210, 171, 255, 255, 0, 0, 104, 227, 210, 171, 255, 255, 220, 253, 0, 0, 210, 171, 255, 127, 255, 255, 149, 28, 210, 171, 0, 0, 0, 0, 104, 227, 210, 171, 255, 127, 34, 2, 253, 255, 210, 171, 255, 127, 255, 255, 149, 28, 210, 171, 0, 0, 220, 253, 0, 0, 210, 171, 201, 148, 188, 33, 201, 148, 188, 33, 201, 148, 188, 33, 201, 148, 188, 33, 187, 161, 52, 235, 187, 161, 52, 235, 187, 161, 52, 235, 187, 161, 52, 235)
}]
blend_shape_mode = 0
shadow_mesh = SubResource("ArrayMesh_qle71")

[sub_resource type="StandardMaterial3D" id="StandardMaterial3D_rqsey"]
albedo_color = Color(0.298039, 0.203922, 0.47451, 1)

[sub_resource type="CylinderMesh" id="CylinderMesh_lnrv1"]
material = SubResource("StandardMaterial3D_rqsey")
top_radius = 20.0
height = 0.001
radial_segments = 13

[node name="Arena" instance=ExtResource("1_w4ypf")]

[node name="pillar2" type="MeshInstance3D" parent="Node" index="1"]
transform = Transform3D(0.884247, 0, -0.467019, 0, 1, 0, 0.467019, 0, 0.884247, 0, 0, 0)
mesh = SubResource("ArrayMesh_ee2bv")
skeleton = NodePath("")

[node name="pillar3" type="MeshInstance3D" parent="Node" index="2"]
transform = Transform3D(0.569394, 0, -0.822065, 0, 1, 0, 0.822065, 0, 0.569394, 0, 0, 0)
mesh = SubResource("ArrayMesh_ee2bv")
skeleton = NodePath("")

[node name="pillar4" type="MeshInstance3D" parent="Node" index="3"]
transform = Transform3D(0.118681, 0, -0.992932, 0, 1, 0, 0.992932, 0, 0.118681, 0, 0, 0)
mesh = SubResource("ArrayMesh_ee2bv")
skeleton = NodePath("")

[node name="pillar5" type="MeshInstance3D" parent="Node" index="4"]
transform = Transform3D(-0.355482, 0, -0.934683, 0, 1, 0, 0.934683, 0, -0.355482, 0, 0, 0)
mesh = SubResource("ArrayMesh_ee2bv")
skeleton = NodePath("")

[node name="pillar6" type="MeshInstance3D" parent="Node" index="5"]
transform = Transform3D(-0.751091, 4.50115e-11, -0.660198, 3.38229e-11, 1, 2.96993e-11, 0.660198, -2.34486e-14, -0.751091, 0, 0, 0)
mesh = SubResource("ArrayMesh_ee2bv")
skeleton = NodePath("")

[node name="pillar7" type="MeshInstance3D" parent="Node" index="6"]
transform = Transform3D(-0.968414, 0, -0.249349, 0, 1, 0, 0.249349, 0, -0.968414, 0, 0, 0)
mesh = SubResource("ArrayMesh_ee2bv")
skeleton = NodePath("")

[node name="pillar8" type="MeshInstance3D" parent="Node" index="7"]
transform = Transform3D(-0.97027, 0, 0.242024, 0, 1, 0, -0.242024, 0, -0.97027, 0, 0, 0)
mesh = SubResource("ArrayMesh_ee2bv")
skeleton = NodePath("")

[node name="pillar9" type="MeshInstance3D" parent="Node" index="8"]
transform = Transform3D(-0.751034, 0, 0.660264, 0, 1, 0, -0.660264, 0, -0.751034, 0, 0, 0)
mesh = SubResource("ArrayMesh_ee2bv")
skeleton = NodePath("")

[node name="pillar10" type="MeshInstance3D" parent="Node" index="9"]
transform = Transform3D(-0.357472, 0, 0.933924, 0, 1, 0, -0.933924, 0, -0.357472, 0, 0, 0)
mesh = SubResource("ArrayMesh_ee2bv")
skeleton = NodePath("")

[node name="pillar11" type="MeshInstance3D" parent="Node" index="10"]
transform = Transform3D(0.118092, 0, 0.993003, 0, 1, 0, -0.993003, 0, 0.118092, 0, 0, 0)
mesh = SubResource("ArrayMesh_ee2bv")
skeleton = NodePath("")

[node name="pillar12" type="MeshInstance3D" parent="Node" index="11"]
transform = Transform3D(0.572289, 0, 0.820052, 0, 1, 0, -0.820052, 0, 0.572289, 0, 0, 0)
mesh = SubResource("ArrayMesh_ee2bv")
skeleton = NodePath("")

[node name="pillar13" type="MeshInstance3D" parent="Node" index="12"]
transform = Transform3D(0.888409, -1.75468e-10, 0.459053, 1.55726e-10, 1, 8.08625e-11, -0.459053, -3.51729e-13, 0.888409, 0, 0, 0)
mesh = SubResource("ArrayMesh_ee2bv")
skeleton = NodePath("")

[node name="rope2" type="MeshInstance3D" parent="Node" index="14"]
transform = Transform3D(0, -0.882718, -0.469903, 1, 0, 0, 0, -0.469903, 0.882718, 0, 0, 0)
mesh = SubResource("ArrayMesh_yxdhx")
skeleton = NodePath("")

[node name="rope3" type="MeshInstance3D" parent="Node" index="15"]
transform = Transform3D(0, -0.569782, -0.821796, 1, 0, 0, 0, -0.821796, 0.569782, 0, 0, 0)
mesh = SubResource("ArrayMesh_yxdhx")
skeleton = NodePath("")

[node name="rope4" type="MeshInstance3D" parent="Node" index="16"]
transform = Transform3D(0, -0.110359, -0.993892, 1, 0, 0, 0, -0.993892, 0.110359, 0, 0, 0)
mesh = SubResource("ArrayMesh_yxdhx")
skeleton = NodePath("")

[node name="rope5" type="MeshInstance3D" parent="Node" index="17"]
transform = Transform3D(0, 0.363609, -0.931552, 1, 0, 0, 0, -0.931552, -0.363609, 0, 0, 0)
mesh = SubResource("ArrayMesh_yxdhx")
skeleton = NodePath("")

[node name="rope6" type="MeshInstance3D" parent="Node" index="18"]
transform = Transform3D(0, 0.740347, -0.672225, 1, 0, 0, 0, -0.672225, -0.740347, 0, 0, 0)
mesh = SubResource("ArrayMesh_yxdhx")
skeleton = NodePath("")

[node name="rope7" type="MeshInstance3D" parent="Node" index="19"]
transform = Transform3D(0, 0.969024, -0.246965, 1, 0, 0, 0, -0.246965, -0.969024, 0, 0, 0)
mesh = SubResource("ArrayMesh_yxdhx")
skeleton = NodePath("")

[node name="rope8" type="MeshInstance3D" parent="Node" index="20"]
transform = Transform3D(0, 0.970997, 0.239093, 1, 0, 0, 0, 0.239093, -0.970997, 0, 0, 0)
mesh = SubResource("ArrayMesh_yxdhx")
skeleton = NodePath("")

[node name="rope9" type="MeshInstance3D" parent="Node" index="21"]
transform = Transform3D(0, 0.749996, 0.661443, 1, 0, 0, 0, 0.661443, -0.749996, 0, 0, 0)
mesh = SubResource("ArrayMesh_yxdhx")
skeleton = NodePath("")

[node name="rope10" type="MeshInstance3D" parent="Node" index="22"]
transform = Transform3D(0, 0.362666, 0.931919, 1, 0, 0, 0, 0.931919, -0.362666, 0, 0, 0)
mesh = SubResource("ArrayMesh_yxdhx")
skeleton = NodePath("")

[node name="rope11" type="MeshInstance3D" parent="Node" index="23"]
transform = Transform3D(0, -0.121124, 0.992637, 1, 0, 0, 0, 0.992637, 0.121124, 0, 0, 0)
mesh = SubResource("ArrayMesh_yxdhx")
skeleton = NodePath("")

[node name="rope12" type="MeshInstance3D" parent="Node" index="24"]
transform = Transform3D(0, -0.572876, 0.819642, 1, 0, 0, 0, 0.819642, 0.572876, 0, 0, 0)
mesh = SubResource("ArrayMesh_yxdhx")
skeleton = NodePath("")

[node name="rope13" type="MeshInstance3D" parent="Node" index="25"]
transform = Transform3D(0, -0.887679, 0.460463, 1, 0, 0, 0, 0.460463, 0.887679, 0, 0, 0)
mesh = SubResource("ArrayMesh_yxdhx")
skeleton = NodePath("")

[node name="rope14" type="MeshInstance3D" parent="Node" index="26"]
transform = Transform3D(0, -1, 0, 1, 0, 0, 0, 0, 1, 0, -0.201883, 0)
mesh = SubResource("ArrayMesh_yxdhx")
skeleton = NodePath("")

[node name="rope15" type="MeshInstance3D" parent="Node" index="27"]
transform = Transform3D(0, -0.882718, -0.469903, 1, 0, 0, 0, -0.469903, 0.882718, 0, -0.201883, 0)
mesh = SubResource("ArrayMesh_yxdhx")
skeleton = NodePath("")

[node name="rope16" type="MeshInstance3D" parent="Node" index="28"]
transform = Transform3D(0, -0.569782, -0.821796, 1, 0, 0, 0, -0.821796, 0.569782, 0, -0.201883, 0)
mesh = SubResource("ArrayMesh_yxdhx")
skeleton = NodePath("")

[node name="rope17" type="MeshInstance3D" parent="Node" index="29"]
transform = Transform3D(0, -0.110359, -0.993892, 1, 0, 0, 0, -0.993892, 0.110359, 0, -0.201883, 0)
mesh = SubResource("ArrayMesh_yxdhx")
skeleton = NodePath("")

[node name="rope18" type="MeshInstance3D" parent="Node" index="30"]
transform = Transform3D(0, 0.363609, -0.931552, 1, 0, 0, 0, -0.931552, -0.363609, 0, -0.201883, 0)
mesh = SubResource("ArrayMesh_yxdhx")
skeleton = NodePath("")

[node name="rope19" type="MeshInstance3D" parent="Node" index="31"]
transform = Transform3D(0, 0.740347, -0.672225, 1, 0, 0, 0, -0.672225, -0.740347, 0, -0.201883, 0)
mesh = SubResource("ArrayMesh_yxdhx")
skeleton = NodePath("")

[node name="rope20" type="MeshInstance3D" parent="Node" index="32"]
transform = Transform3D(0, 0.969024, -0.246965, 1, 0, 0, 0, -0.246965, -0.969024, 0, -0.201883, 0)
mesh = SubResource("ArrayMesh_yxdhx")
skeleton = NodePath("")

[node name="rope21" type="MeshInstance3D" parent="Node" index="33"]
transform = Transform3D(0, 0.970997, 0.239093, 1, 0, 0, 0, 0.239093, -0.970997, 0, -0.201883, 0)
mesh = SubResource("ArrayMesh_yxdhx")
skeleton = NodePath("")

[node name="rope22" type="MeshInstance3D" parent="Node" index="34"]
transform = Transform3D(0, 0.749996, 0.661443, 1, 0, 0, 0, 0.661443, -0.749996, 0, -0.201883, 0)
mesh = SubResource("ArrayMesh_yxdhx")
skeleton = NodePath("")

[node name="rope23" type="MeshInstance3D" parent="Node" index="35"]
transform = Transform3D(0, 0.362666, 0.931919, 1, 0, 0, 0, 0.931919, -0.362666, 0, -0.201883, 0)
mesh = SubResource("ArrayMesh_yxdhx")
skeleton = NodePath("")

[node name="rope24" type="MeshInstance3D" parent="Node" index="36"]
transform = Transform3D(0, -0.121124, 0.992637, 1, 0, 0, 0, 0.992637, 0.121124, 0, -0.201883, 0)
mesh = SubResource("ArrayMesh_yxdhx")
skeleton = NodePath("")

[node name="rope25" type="MeshInstance3D" parent="Node" index="37"]
transform = Transform3D(0, -0.572876, 0.819642, 1, 0, 0, 0, 0.819642, 0.572876, 0, -0.201883, 0)
mesh = SubResource("ArrayMesh_yxdhx")
skeleton = NodePath("")

[node name="rope26" type="MeshInstance3D" parent="Node" index="38"]
transform = Transform3D(0, -0.887679, 0.460463, 1, 0, 0, 0, 0.460463, 0.887679, 0, -0.201883, 0)
mesh = SubResource("ArrayMesh_yxdhx")
skeleton = NodePath("")

[node name="rope27" type="MeshInstance3D" parent="Node" index="39"]
transform = Transform3D(0, -1, 0, 1, 0, 0, 0, 0, 1, 0, -0.387647, 0)
mesh = SubResource("ArrayMesh_yxdhx")
skeleton = NodePath("")

[node name="rope28" type="MeshInstance3D" parent="Node" index="40"]
transform = Transform3D(0, -0.882718, -0.469903, 1, 0, 0, 0, -0.469903, 0.882718, 0, -0.387647, 0)
mesh = SubResource("ArrayMesh_yxdhx")
skeleton = NodePath("")

[node name="rope29" type="MeshInstance3D" parent="Node" index="41"]
transform = Transform3D(0, -0.569782, -0.821796, 1, 0, 0, 0, -0.821796, 0.569782, 0, -0.387647, 0)
mesh = SubResource("ArrayMesh_yxdhx")
skeleton = NodePath("")

[node name="rope30" type="MeshInstance3D" parent="Node" index="42"]
transform = Transform3D(0, -0.110359, -0.993892, 1, 0, 0, 0, -0.993892, 0.110359, 0, -0.387647, 0)
mesh = SubResource("ArrayMesh_yxdhx")
skeleton = NodePath("")

[node name="rope31" type="MeshInstance3D" parent="Node" index="43"]
transform = Transform3D(0, 0.363609, -0.931552, 1, 0, 0, 0, -0.931552, -0.363609, 0, -0.387647, 0)
mesh = SubResource("ArrayMesh_yxdhx")
skeleton = NodePath("")

[node name="rope32" type="MeshInstance3D" parent="Node" index="44"]
transform = Transform3D(0, 0.740347, -0.672225, 1, 0, 0, 0, -0.672225, -0.740347, 0, -0.387647, 0)
mesh = SubResource("ArrayMesh_yxdhx")
skeleton = NodePath("")

[node name="rope33" type="MeshInstance3D" parent="Node" index="45"]
transform = Transform3D(0, 0.969024, -0.246965, 1, 0, 0, 0, -0.246965, -0.969024, 0, -0.387647, 0)
mesh = SubResource("ArrayMesh_yxdhx")
skeleton = NodePath("")

[node name="rope34" type="MeshInstance3D" parent="Node" index="46"]
transform = Transform3D(0, 0.970997, 0.239093, 1, 0, 0, 0, 0.239093, -0.970997, 0, -0.387647, 0)
mesh = SubResource("ArrayMesh_yxdhx")
skeleton = NodePath("")

[node name="rope35" type="MeshInstance3D" parent="Node" index="47"]
transform = Transform3D(0, 0.749996, 0.661443, 1, 0, 0, 0, 0.661443, -0.749996, 0, -0.387647, 0)
mesh = SubResource("ArrayMesh_yxdhx")
skeleton = NodePath("")

[node name="rope36" type="MeshInstance3D" parent="Node" index="48"]
transform = Transform3D(0, 0.362666, 0.931919, 1, 0, 0, 0, 0.931919, -0.362666, 0, -0.387647, 0)
mesh = SubResource("ArrayMesh_yxdhx")
skeleton = NodePath("")

[node name="rope37" type="MeshInstance3D" parent="Node" index="49"]
transform = Transform3D(0, -0.121124, 0.992637, 1, 0, 0, 0, 0.992637, 0.121124, 0, -0.387647, 0)
mesh = SubResource("ArrayMesh_yxdhx")
skeleton = NodePath("")

[node name="rope38" type="MeshInstance3D" parent="Node" index="50"]
transform = Transform3D(0, -0.572876, 0.819642, 1, 0, 0, 0, 0.819642, 0.572876, 0, -0.387647, 0)
mesh = SubResource("ArrayMesh_yxdhx")
skeleton = NodePath("")

[node name="rope39" type="MeshInstance3D" parent="Node" index="51"]
transform = Transform3D(0, -0.887679, 0.460463, 1, 0, 0, 0, 0.460463, 0.887679, 0, -0.387647, 0)
mesh = SubResource("ArrayMesh_yxdhx")
skeleton = NodePath("")

[node name="Audience" type="Node3D" parent="." index="1"]

[node name="audience2" parent="Audience" index="0" instance=ExtResource("4_0bo6k")]
transform = Transform3D(1, 0, 0, 0, 1, 0, 0, 0, 1, 1.05045, 0, -3.72841)

[node name="audience" parent="Audience" index="1" instance=ExtResource("4_0bo6k")]
transform = Transform3D(1, 0, 0, 0, 1, 0, 0, 0, 1, -0.246987, 0, -4.87403)

[node name="audience4" parent="Audience" index="2" instance=ExtResource("4_0bo6k")]
transform = Transform3D(1, 0, 0, 0, 1, 0, 0, 0, 1, 2.89613, 0, -3.75392)

[node name="audience3" parent="Audience" index="3" instance=ExtResource("4_0bo6k")]
transform = Transform3D(1, 0, 0, 0, 1, 0, 0, 0, 1, -2.81812, 0, -3.62671)

[node name="audience5" parent="Audience" index="4" instance=ExtResource("4_0bo6k")]
transform = Transform3D(1, 0, 0, 0, 1, 0, 0, 0, 1, 4.33405, 0, -1.74297)

[node name="audience6" parent="Audience" index="5" instance=ExtResource("4_0bo6k")]
transform = Transform3D(1, 0, 0, 0, 1, 0, 0, 0, 1, -3.87423, 0, 0.891379)

[node name="audience7" parent="Audience" index="6" instance=ExtResource("4_0bo6k")]
transform = Transform3D(1, 0, 0, 0, 1, 0, 0, 0, 1, -3.63291, 0, -1.08122)

[node name="audience8" parent="Audience" index="7" instance=ExtResource("4_0bo6k")]
transform = Transform3D(1, 0, 0, 0, 1, 0, 0, 0, 1, -2.62722, 0, 2.7496)

[node name="audience9" parent="Audience" index="8" instance=ExtResource("4_0bo6k")]
transform = Transform3D(1, 0, 0, 0, 1, 0, 0, 0, 1, 2.37456, 0, 3.66596)

[node name="audience10" parent="Audience" index="9" instance=ExtResource("4_0bo6k")]
transform = Transform3D(1, 0, 0, 0, 1, 0, 0, 0, 1, 4.82965, 0, 1.70189)

[node name="audience11" parent="Audience" index="10" instance=ExtResource("4_0bo6k")]
transform = Transform3D(1, 0, 0, 0, 1, 0, 0, 0, 1, -0.997088, 0, 4.87713)

[node name="audience12" parent="Audience" index="11" instance=ExtResource("4_0bo6k")]
transform = Transform3D(1, 0, 0, 0, 1, 0, 0, 0, 1, 0.279555, 0, 3.7969)

[node name="MeshInstance3D" type="MeshInstance3D" parent="." index="2"]
transform = Transform3D(1, 0, 0, 0, 1, 0, 0, 0, 1, 0, -0.0557978, 0)
mesh = SubResource("CylinderMesh_lnrv1")
